0.0010465175725676845,0.0050632785291208219,0.013106800117925484,0.3062890062409986,0.0050647426463559268,3,pss-q4
-0.070592717141911177,0.015486323233209563,0.037124857994058839,0.4387902064330293,0.015491902654425758,3,Intended
-0.075457718874747837,0.016313441741979094,0.010781604875658088,0.313970235237638,0.016316301396572884,3,BinaryStress
-0.087271047247286848,0.018477237331355409,0.023008706737400905,0.3475756120979357,0.01848374232659698,3,LikertStress
-0.0093952466012809932,0.0054492261284288324,0.012248960250698908,0.30484877580412867,0.0054506596421258933,3,PSS1
0.059161825627735976,0.0091923255016135106,0.014086637100873696,0.328372539606337,0.009195368202765869,3,PSS2
0.0049394243377396396,0.0047195405460265316,0.015203699311243055,0.314450312049928,0.0047212514539643402,3,PSS3
-0.068547666184982869,0.018107670791428679,-0.0057568145287785148,0.2558809409505521,0.018109632882226032,3,PSS4
0.021310459656366243,0.0076852695305130413,0.016952942128592025,0.3408545367258761,0.0076883675351534292,3,happy
-0.05431468667190642,0.011137148618729944,0.01289833969011546,0.31349015842534805,0.011139833218541251,3,excited
0.042168611345318907,0.0066346762045032207,0.01472839649321565,0.3317330772923668,0.0066371566871278546,3,content
-0.061513575546421784,0.013939451949247143,0.0038958216228709556,0.28756601056168984,0.013939992615832269,3,worried
-0.022305724471960886,0.011513563438629653,-0.004552999662944617,0.21171387421987517,0.011526684843742399,3,irritable/angry
-0.024109142291619978,0.0098395131847361043,-0.0014418440132947048,0.2088334133461354,0.0098512327795036315,3,Sad
-0.029114687422231667,0.0052450333184286668,0.011693931797375844,0.28324531925108015,0.0052757569473219938,4,pss-q4
-0.039673191518729611,0.015127594765913946,0.032970919632893586,0.40518482957273166,0.015211684016915871,4,Intended
-0.051140102941673593,0.017092794863832323,0.018297842060053821,0.313970235237638,0.017203026855991021,4,BinaryStress
-0.055888956293044689,0.01697056562144985,0.022404718890265071,0.3475756120979357,0.017065452367287164,4,LikertStress
-0.034802071969668003,0.0055823234135971445,0.01152327921856134,0.2818050888142103,0.0056156983470538793,4,PSS1
-0.03622348321180402,0.010536901196275096,0.015677500007568644,0.328372539606337,0.010596717851294906,4,PSS2
-0.045357684296592371,0.0054070581308875787,0.012068105955417421,0.3317330772923668,0.0054370667202739498,4,PSS3
-0.0460348093554106,0.016650967755561585,0.0070990345462755107,0.2558809409505521,0.016831083158621755,4,PSS4
-0.058714349675328403,0.0075489533471897212,0.014696363588868326,0.31204992798847814,0.0075896886860580704,4,happy
-0.058405583297928887,0.013614660353427463,0.013673534465437415,0.3451752280364858,0.013697527061126178,4,excited
-0.039082209636281506,0.0080641437133431009,0.014643063759628091,0.3317330772923668,0.0081085437071548114,4,content
-0.046387038437220696,0.013085715621520786,0.0087066611156073701,0.28756601056168984,0.013185514168332444,4,worried
-0.027263233342900151,0.011128760189440078,0.0079408115402770513,0.21171387421987517,0.011309472740491601,4,irritable/angry
-0.037772344272428038,0.010551548241573954,-0.0010782774006213676,0.21027364378300528,0.010724927224630356,4,Sad
